{
    "0": {
        "path": "dataset/preprocessing/BRICK/IMAGES/P_20230605_181851.jpg",
        "relations": {
            "1": {
                "full path": "dataset/preprocessing/BRICK/IMAGES/P_20230605_181854.jpg",
                "translation": "[-0.9498715, -0.31263098, 0.0024518]",
                "rotation": "[[9.99931834e-01 -1.16759297e-02 1.72588184e-05], [ 1.16759310e-02 9.99931831e-01 -7.72503736e-05], [-1.63556719e-05 7.74466205e-05 9.99999997e-01]]",
                "trans_distance": "2.553448901856588"
            },
            "2": {
                "full path": "dataset/preprocessing/BRICK/IMAGES/P_20230605_181859.jpg",
                "translation": "[-0.04161155, -0.9991127, 0.00649948]",
                "rotation": "[[9.99751780e-01 -2.22779640e-02 2.67538159e-04], [ 2.22779507e-02 9.99751814e-01 5.23796867e-05], [-2.68638673e-04 -4.64064830e-05 9.99999963e-01]]",
                "trans_distance": "2.4634223327605063"
            },
            "3": {
                "full path": "dataset/preprocessing/BRICK/IMAGES/P_20230605_181903.jpg",
                "translation": "[0.97468567, -0.22357884, 0.00061525684]",
                "rotation": "[[9.97592939e-01 6.93419676e-02 -1.42681833e-04], [-6.93417959e-02 9.97592481e-01 9.78263477e-04], [ 2.10173038e-04 -9.66014922e-04 9.99999511e-01]]",
                "trans_distance": "1.5800493217383265"
            },
            "4": {
                "full path": "dataset/preprocessing/BRICK/IMAGES/P_20230605_181904.jpg",
                "translation": "[0.83125365, -0.5558805, 0.0037764]",
                "rotation": "[[9.93272612e-01 1.15797620e-01 -6.54942980e-04], [-1.15796698e-01 9.93272079e-01 1.30423886e-03], [ 8.01564331e-04 -1.21962450e-03 9.99998935e-01]]",
                "trans_distance": "1.8551821696334065"
            },
            "5": {
                "full path": "dataset/preprocessing/BRICK/IMAGES/P_20230605_181906.jpg",
                "translation": "[-0.9431857, 0.33225438, -0.00278752]",
                "rotation": "[[9.98176657e-01 6.03584638e-02 -4.65167612e-04], [-6.03576251e-02 9.98175462e-01 1.64465551e-03], [ 5.63587775e-04 -1.61358032e-03 9.99998539e-01]]",
                "trans_distance": "2.286359035151184"
            },
            "6": {
                "full path": "dataset/preprocessing/BRICK/IMAGES/P_20230605_181908.jpg",
                "translation": "[-0.9773701, 0.21153094, -0.0015317]",
                "rotation": "[[9.99809169e-01 1.95340772e-02 -2.12758504e-04], [-1.95337417e-02 9.99808105e-01 1.47875758e-03], [ 2.41603841e-04 -1.47431942e-03 9.99998884e-01]]",
                "trans_distance": "2.3526031652537225"
            },
            "7": {
                "full path": "dataset/preprocessing/BRICK/IMAGES/P_20230605_181929.jpg",
                "translation": "[-0.7839481, 0.62082523, 0.00117423]",
                "rotation": "[[9.85573158e-01 -1.69249962e-01 -2.00529878e-05], [ 1.69249883e-01 9.85572800e-01 -8.56662532e-04], [ 1.64753780e-04 8.40909631e-04 9.99999633e-01]]",
                "trans_distance": "2.079398309934822"
            }
        }
    },
    "1": {
        "path": "dataset/preprocessing/BRICK/IMAGES/P_20230605_181854.jpg",
        "relations": {
            "0": {
                "full path": "dataset/preprocessing/BRICK/IMAGES/P_20230605_181851.jpg",
                "translation": "[0.93190175, 0.3627046, -0.00211904]",
                "rotation": "[[9.99919239e-01 1.27088913e-02 -1.30367672e-05], [-1.27088904e-02 9.99919236e-01 6.92478370e-05], [ 1.39157775e-05 -6.90765617e-05 9.99999998e-01]]",
                "trans_distance": "1.1895483857374411"
            },
            "2": {
                "full path": "dataset/preprocessing/BRICK/IMAGES/P_20230605_181859.jpg",
                "translation": "[0.99482745, -0.10157914, 0.0001256899]",
                "rotation": "[[9.99685230e-01 2.50886678e-02 2.09869437e-05], [-2.50886673e-02 9.99685230e-01 -2.41242214e-05], [-2.15855822e-05 2.35900934e-05 9.99999999e-01]]",
                "trans_distance": "1.4877002341464711"
            },
            "3": {
                "full path": "dataset/preprocessing/BRICK/IMAGES/P_20230605_181903.jpg",
                "translation": "[0.87818986, 0.47830307, -0.00295573]",
                "rotation": "[[9.99047181e-01 -4.36413144e-02 4.08005134e-04], [ 4.36411277e-02 9.99047168e-01 4.55903549e-04], [-4.27512604e-04 -4.37663351e-04 9.99999813e-01]]",
                "trans_distance": "1.137068858067053"
            },
            "4": {
                "full path": "dataset/preprocessing/BRICK/IMAGES/P_20230605_181904.jpg",
                "translation": "[0.78940994, 0.61386096, -0.00257784]",
                "rotation": "[[9.99209428e-01 -3.97552066e-02 2.05320205e-04], [ 3.97551114e-02 9.99209352e-01 4.48655431e-04], [-2.22994258e-04 -4.40138209e-04 9.99999878e-01]]",
                "trans_distance": "1.0948122463827357"
            },
            "5": {
                "full path": "dataset/preprocessing/BRICK/IMAGES/P_20230605_181906.jpg",
                "translation": "[-0.62447095, -0.7808751, -0.01643543]",
                "rotation": "[[0.26850247 -0.96282448 0.02958788], [-0.96305595 -0.26765269 0.02975365], [-0.02072827 -0.03648371 -0.99911925]]",
                "trans_distance": "2.6160204360220862"
            },
            "6": {
                "full path": "dataset/preprocessing/BRICK/IMAGES/P_20230605_181908.jpg",
                "translation": "[-0.3587492, -0.9331498, -0.02303008]",
                "rotation": "[[0.84904859 -0.52801784 0.01771014], [-0.52813679 -0.84741551 0.05439204], [-0.01371212 -0.05553486 -0.99836259]]",
                "trans_distance": "2.5748510962842457"
            },
            "7": {
                "full path": "dataset/preprocessing/BRICK/IMAGES/P_20230605_181929.jpg",
                "translation": "[0.55546486, 0.83153725, -0.00213474]",
                "rotation": "[[9.99934893e-01 -1.14097896e-02 1.61568436e-04], [ 1.14098596e-02 9.99934809e-01 -4.39060238e-04], [-1.56548319e-04 4.40875125e-04 9.99999891e-01]]",
                "trans_distance": "1.109173216171855"
            }
        }
    },
    "2": {
        "path": "dataset/preprocessing/BRICK/IMAGES/P_20230605_181859.jpg",
        "relations": {
            "0": {
                "full path": "dataset/preprocessing/BRICK/IMAGES/P_20230605_181851.jpg",
                "translation": "[0.25076234, 0.9680394, -0.00424597]",
                "rotation": "[[9.99987529e-01 4.99303041e-03 -1.06845380e-04], [-4.99303651e-03 9.99987533e-01 -5.69375103e-05], [ 1.06559757e-04 5.74702831e-05 9.99999993e-01]]",
                "trans_distance": "1.253350914371477"
            },
            "1": {
                "full path": "dataset/preprocessing/BRICK/IMAGES/P_20230605_181854.jpg",
                "translation": "[-0.9970628, 0.076588266, -0.00014901882]",
                "rotation": "[[9.99685230e-01 -2.50886673e-02 -2.15855822e-05], [ 2.50886678e-02 9.99685230e-01 2.35900934e-05], [ 2.09869437e-05 -2.41242214e-05 9.99999999e-01]]",
                "trans_distance": "2.4168672134517024"
            },
            "3": {
                "full path": "dataset/preprocessing/BRICK/IMAGES/P_20230605_181903.jpg",
                "translation": "[-0.5062544, -0.86174995, -0.03306793]",
                "rotation": "[[0.55430589 -0.83125706 0.04191271], [-0.83171734 -0.55130158 0.06567215], [-0.0314839 -0.07126199 -0.99696063]]",
                "trans_distance": "2.6080921104467856"
            },
            "4": {
                "full path": "dataset/preprocessing/BRICK/IMAGES/P_20230605_181904.jpg",
                "translation": "[-0.20255779, -0.9788951, -0.02710566]",
                "rotation": "[[0.98139842 -0.19189165 0.00589365], [-0.19187407 -0.97935384 0.06364267], [-0.00644053 -0.06358966 -0.99795535]]",
                "trans_distance": "2.533202951556539"
            },
            "5": {
                "full path": "dataset/preprocessing/BRICK/IMAGES/P_20230605_181906.jpg",
                "translation": "[0.12335169, -0.992352, 0.00467162]",
                "rotation": "[[9.38700044e-01 3.44731758e-01 -1.49771641e-03], [-3.44730664e-01 9.38701166e-01 9.43801783e-04], [ 1.73126659e-03 -3.69638002e-04 9.99998433e-01]]",
                "trans_distance": "2.393461377288071"
            },
            "6": {
                "full path": "dataset/preprocessing/BRICK/IMAGES/P_20230605_181908.jpg",
                "translation": "[0.55856085, -0.82944375, 0.00573054]",
                "rotation": "[[9.57071705e-01 2.89845393e-01 -1.84385419e-03], [-2.89842927e-01 9.57073063e-01 1.49326051e-03], [ 2.19751785e-03 -8.94729288e-04 9.99997185e-01]]",
                "trans_distance": "2.128451251093236"
            },
            "7": {
                "full path": "dataset/preprocessing/BRICK/IMAGES/P_20230605_181929.jpg",
                "translation": "[-0.7082834, 0.70592815, -9.240846e-05]",
                "rotation": "[[9.37341039e-01 -3.48412571e-01 6.76588636e-04], [ 3.48413097e-01 9.37340602e-01 -9.53335309e-04], [-3.02039994e-04 1.12933265e-03 9.99999317e-01]]",
                "trans_distance": "2.0012234603569397"
            }
        }
    },
    "3": {
        "path": "dataset/preprocessing/BRICK/IMAGES/P_20230605_181903.jpg",
        "relations": {
            "0": {
                "full path": "dataset/preprocessing/BRICK/IMAGES/P_20230605_181851.jpg",
                "translation": "[0.90182066, 0.43210793, -0.00149005]",
                "rotation": "[[9.99575362e-01 2.91384814e-02 -2.09986030e-04], [-2.91385974e-02 9.99575217e-01 -5.72145608e-04], [ 1.93225377e-04 5.78021352e-04 9.99999814e-01]]",
                "trans_distance": "1.1554751886087338"
            },
            "1": {
                "full path": "dataset/preprocessing/BRICK/IMAGES/P_20230605_181854.jpg",
                "translation": "[-0.89822805, -0.43952328, 0.00237936]",
                "rotation": "[[9.99047181e-01 4.36411277e-02 -4.27512604e-04], [-4.36413144e-02 9.99047168e-01 -4.37663351e-04], [ 4.08005134e-04 4.55903549e-04 9.99999813e-01]]",
                "trans_distance": "2.582778337624572"
            },
            "2": {
                "full path": "dataset/preprocessing/BRICK/IMAGES/P_20230605_181859.jpg",
                "translation": "[-0.4371537, -0.89826816, 0.04484404]",
                "rotation": "[[0.55430589 -0.83171734 -0.0314839 ], [-0.83125706 -0.55130158 -0.07126199], [ 0.04191271 0.06567215 -0.99696063]]",
                "trans_distance": "2.565376322982792"
            },
            "4": {
                "full path": "dataset/preprocessing/BRICK/IMAGES/P_20230605_181904.jpg",
                "translation": "[-0.80024433, 0.5996645, -0.00339446]",
                "rotation": "[[9.99964870e-01 -8.38165730e-03 -8.09515052e-05], [ 8.38167578e-03 9.99964847e-01 2.30667180e-04], [ 7.90152862e-05 -2.31337586e-04 9.99999970e-01]]",
                "trans_distance": "2.0995115146659393"
            },
            "5": {
                "full path": "dataset/preprocessing/BRICK/IMAGES/P_20230605_181906.jpg",
                "translation": "[-0.96789354, 0.25135773, -0.00115922]",
                "rotation": "[[9.99992574e-01 -3.85222255e-03 -1.10454977e-04], [ 3.85224921e-03 9.99992551e-01 2.42190065e-04], [ 1.09521184e-04 -2.42613767e-04 9.99999965e-01]]",
                "trans_distance": "2.3313922909044726"
            },
            "6": {
                "full path": "dataset/preprocessing/BRICK/IMAGES/P_20230605_181908.jpg",
                "translation": "[-0.95208776, 0.30581853, -0.00199377]",
                "rotation": "[[9.99740871e-01 -2.27635820e-02 -9.98162358e-05], [ 2.27636273e-02 9.99740760e-01 4.78620065e-04], [ 8.88952524e-05 -4.80768221e-04 9.99999880e-01]]",
                "trans_distance": "2.3014182700958083"
            },
            "7": {
                "full path": "dataset/preprocessing/BRICK/IMAGES/P_20230605_181929.jpg",
                "translation": "[-0.82168823, 0.5699372, -0.00015996107]",
                "rotation": "[[8.85816971e-01 -4.64033349e-01 1.15994980e-03], [ 4.64034354e-01 8.85816815e-01 -8.29832533e-04], [-6.42433066e-04 1.27333630e-03 9.99998983e-01]]",
                "trans_distance": "2.1222209968387196"
            }
        }
    },
    "4": {
        "path": "dataset/preprocessing/BRICK/IMAGES/P_20230605_181904.jpg",
        "relations": {
            "0": {
                "full path": "dataset/preprocessing/BRICK/IMAGES/P_20230605_181851.jpg",
                "translation": "[-0.5982852, 0.80127263, -0.00412649]",
                "rotation": "[[9.63013739e-01 -2.69447605e-01 1.58921644e-03], [ 2.69448641e-01 9.63014644e-01 -4.74459273e-04], [-1.40259679e-03 8.85123011e-04 9.99998625e-01]]",
                "trans_distance": "1.897966846455125"
            },
            "1": {
                "full path": "dataset/preprocessing/BRICK/IMAGES/P_20230605_181854.jpg",
                "translation": "[-0.8131906, -0.5819936, 0.00214034]",
                "rotation": "[[9.99209428e-01 3.97551114e-02 -2.22994258e-04], [-3.97552066e-02 9.99209352e-01 -4.40138209e-04], [ 2.05320205e-04 4.48655431e-04 9.99999878e-01]]",
                "trans_distance": "2.6050120278427324"
            },
            "2": {
                "full path": "dataset/preprocessing/BRICK/IMAGES/P_20230605_181859.jpg",
                "translation": "[0.01079073, -0.9992775, 0.03644306]",
                "rotation": "[[0.98139842 -0.19187407 -0.00644053], [-0.19189165 -0.97935384 -0.06358966], [ 0.00589365 0.06364267 -0.99795535]]",
                "trans_distance": "2.429832786797124"
            },
            "3": {
                "full path": "dataset/preprocessing/BRICK/IMAGES/P_20230605_181903.jpg",
                "translation": "[0.7951903, -0.60635155, 0.00319135]",
                "rotation": "[[9.99964870e-01 8.38167578e-03 7.90152862e-05], [-8.38165730e-03 9.99964847e-01 -2.31337586e-04], [-8.09515052e-05 2.30667180e-04 9.99999970e-01]]",
                "trans_distance": "1.9015624692693065"
            },
            "5": {
                "full path": "dataset/preprocessing/BRICK/IMAGES/P_20230605_181906.jpg",
                "translation": "[-0.9825927, 0.18576902, -0.00120227]",
                "rotation": "[[9.99997642e-01 2.17092102e-03 -5.79874697e-05], [-2.17091174e-03 9.99997631e-01 1.59699246e-04], [ 5.83340268e-05 -1.59572984e-04 9.99999986e-01]]",
                "trans_distance": "2.365597576414345"
            },
            "6": {
                "full path": "dataset/preprocessing/BRICK/IMAGES/P_20230605_181908.jpg",
                "translation": "[-0.98006505, 0.19867288, -0.00128037]",
                "rotation": "[[9.99748167e-01 -2.24411007e-02 2.34747052e-05], [ 2.24410950e-02 9.99748143e-01 2.20710621e-04], [-2.84217822e-05 -2.20128240e-04 9.99999975e-01]]",
                "trans_distance": "2.35909837284847"
            },
            "7": {
                "full path": "dataset/preprocessing/BRICK/IMAGES/P_20230605_181929.jpg",
                "translation": "[-0.7879738, 0.6157087, 0.00015752006]",
                "rotation": "[[7.45589552e-01 -6.66402243e-01 2.06645130e-03], [ 6.66404995e-01 7.45589073e-01 -1.14734143e-03], [-7.76132609e-04 2.23253925e-03 9.99997207e-01]]",
                "trans_distance": "2.0842780923813407"
            }
        }
    },
    "5": {
        "path": "dataset/preprocessing/BRICK/IMAGES/P_20230605_181906.jpg",
        "relations": {
            "0": {
                "full path": "dataset/preprocessing/BRICK/IMAGES/P_20230605_181851.jpg",
                "translation": "[-0.8761406, 0.4820338, -0.00459698]",
                "rotation": "[[0.98071037 -0.19545155 0.00241923], [ 0.19545584 0.98071106 -0.00168327], [-0.00204357 0.00212365 0.99999566]]",
                "trans_distance": "2.1902985225097584"
            },
            "1": {
                "full path": "dataset/preprocessing/BRICK/IMAGES/P_20230605_181854.jpg",
                "translation": "[-0.5846951, -0.81085885, 0.0252897]",
                "rotation": "[[0.26850247 -0.96305595 -0.02072827], [-0.96282448 -0.26765269 -0.03648371], [ 0.02958788 0.02975365 -0.99911925]]",
                "trans_distance": "2.5962527788267673"
            },
            "2": {
                "full path": "dataset/preprocessing/BRICK/IMAGES/P_20230605_181859.jpg",
                "translation": "[-0.4578925, 0.8890005, -0.00355028]",
                "rotation": "[[9.38700044e-01 -3.44730664e-01 1.73126659e-03], [ 3.44731758e-01 9.38701166e-01 -3.69638002e-04], [-1.49771641e-03 9.43801783e-04 9.99998433e-01]]",
                "trans_distance": "1.773382254789578"
            },
            "3": {
                "full path": "dataset/preprocessing/BRICK/IMAGES/P_20230605_181903.jpg",
                "translation": "[0.96691823, -0.2550847, 0.00099143]",
                "rotation": "[[9.99992574e-01 3.85224921e-03 1.09521184e-04], [-3.85222255e-03 9.99992551e-01 -2.42613767e-04], [-1.10454977e-04 2.42190065e-04 9.99999965e-01]]",
                "trans_distance": "1.6044781438488516"
            },
            "4": {
                "full path": "dataset/preprocessing/BRICK/IMAGES/P_20230605_181904.jpg",
                "translation": "[0.9829937, -0.18363564, 0.00111562]",
                "rotation": "[[9.99997642e-01 -2.17091174e-03 5.83340268e-05], [ 2.17092102e-03 9.99997631e-01 -1.59572984e-04], [-5.79874697e-05 1.59699246e-04 9.99999986e-01]]",
                "trans_distance": "1.5488875167764593"
            },
            "6": {
                "full path": "dataset/preprocessing/BRICK/IMAGES/P_20230605_181908.jpg",
                "translation": "[-0.9996713, -0.025633238, 0.00049836724]",
                "rotation": "[[9.99999537e-01 -9.60902286e-04 -4.72150232e-05], [ 9.60902082e-04 9.99999538e-01 -4.34852274e-06], [ 4.72191799e-05 4.30315172e-06 9.99999999e-01]]",
                "trans_distance": "2.4595959592780448"
            },
            "7": {
                "full path": "dataset/preprocessing/BRICK/IMAGES/P_20230605_181929.jpg",
                "translation": "[-0.60696936, 0.79472136, 0.00247006]",
                "rotation": "[[7.59087947e-01 -6.50987551e-01 8.35192134e-04], [ 6.50986830e-01 7.59083335e-01 -2.93901830e-03], [ 1.27928390e-03 2.77467245e-03 9.99995332e-01]]",
                "trans_distance": "1.9025130254495224"
            }
        }
    },
    "6": {
        "path": "dataset/preprocessing/BRICK/IMAGES/P_20230605_181908.jpg",
        "relations": {
            "0": {
                "full path": "dataset/preprocessing/BRICK/IMAGES/P_20230605_181851.jpg",
                "translation": "[0.9817701, -0.19006582, 0.00155398]",
                "rotation": "[[9.99512485e-01 -3.12175988e-02 5.04348576e-04], [ 3.12182751e-02 9.99511619e-01 -1.39392790e-03], [-4.60587180e-04 1.40899323e-03 9.99998901e-01]]",
                "trans_distance": "1.5535390019528348"
            },
            "1": {
                "full path": "dataset/preprocessing/BRICK/IMAGES/P_20230605_181854.jpg",
                "translation": "[-0.18855102, -0.9814706, 0.03411705]",
                "rotation": "[[0.84904859 -0.52813679 -0.01371212], [-0.52801784 -0.84741551 -0.05553486], [ 0.01771014 0.05439204 -0.99836259]]",
                "trans_distance": "2.50435801885513"
            },
            "2": {
                "full path": "dataset/preprocessing/BRICK/IMAGES/P_20230605_181859.jpg",
                "translation": "[-0.71691334, 0.6971532, -0.00356005]",
                "rotation": "[[9.11875736e-01 -4.10457237e-01 2.73844612e-03], [ 4.10459822e-01 9.11878580e-01 -4.34337781e-04], [-2.31885327e-03 1.52008419e-03 9.99996156e-01]]",
                "trans_distance": "2.0116263015786235"
            },
            "3": {
                "full path": "dataset/preprocessing/BRICK/IMAGES/P_20230605_181903.jpg",
                "translation": "[0.94487965, -0.3274131, 0.00175236]",
                "rotation": "[[9.99740871e-01 2.27636253e-02 8.88952599e-05], [-2.27635800e-02 9.99740761e-01 -4.80768212e-04], [-9.98162422e-05 4.78620057e-04 9.99999880e-01]]",
                "trans_distance": "1.6617948649853767"
            },
            "4": {
                "full path": "dataset/preprocessing/BRICK/IMAGES/P_20230605_181904.jpg",
                "translation": "[0.97535974, -0.22061686, 0.00125952]",
                "rotation": "[[9.99748167e-01 2.24410950e-02 -2.84217819e-05], [-2.24411007e-02 9.99748143e-01 -2.20128240e-04], [ 2.34747049e-05 2.20710620e-04 9.99999975e-01]]",
                "trans_distance": "1.5773380148966971"
            },
            "5": {
                "full path": "dataset/preprocessing/BRICK/IMAGES/P_20230605_181906.jpg",
                "translation": "[0.9996954, 0.024672633, -0.000545678]",
                "rotation": "[[9.99999537e-01 9.60903238e-04 4.72191709e-05], [-9.60903443e-04 9.99999538e-01 4.30315867e-06], [-4.72150142e-05 -4.34852975e-06 9.99999999e-01]]",
                "trans_distance": "1.3972670536874223"
            },
            "7": {
                "full path": "dataset/preprocessing/BRICK/IMAGES/P_20230605_181929.jpg",
                "translation": "[0.50127476, 0.8652862, -0.00187012]",
                "rotation": "[[9.86771860e-01 -1.62114036e-01 5.80001265e-04], [ 1.62114633e-01 9.86771203e-01 -1.19922667e-03], [-3.77917071e-04 1.27738982e-03 9.99999113e-01]]",
                "trans_distance": "1.1272171101123947"
            }
        }
    },
    "7": {
        "path": "dataset/preprocessing/BRICK/IMAGES/P_20230605_181929.jpg",
        "relations": {
            "0": {
                "full path": "dataset/preprocessing/BRICK/IMAGES/P_20230605_181851.jpg",
                "translation": "[0.57861537, -0.8156006, -4.3739374e-06]",
                "rotation": "[[9.83893860e-01 1.78753664e-01 -2.78739160e-06], [-1.78753635e-01 9.83893706e-01 5.59384987e-04], [ 1.02734613e-04 -5.49877197e-04 9.99999844e-01]]",
                "trans_distance": "2.1151782905570924"
            },
            "1": {
                "full path": "dataset/preprocessing/BRICK/IMAGES/P_20230605_181854.jpg",
                "translation": "[-0.56491673, -0.8251444, 0.00241009]",
                "rotation": "[[9.99934893e-01 1.14098596e-02 -1.56548319e-04], [-1.14097896e-02 9.99934809e-01 4.40875125e-04], [ 1.61568436e-04 -4.39060238e-04 9.99999891e-01]]",
                "trans_distance": "2.602941051552118"
            },
            "2": {
                "full path": "dataset/preprocessing/BRICK/IMAGES/P_20230605_181859.jpg",
                "translation": "[0.41794848, -0.90846986, 0.00124461]",
                "rotation": "[[9.37341039e-01 3.48413097e-01 -3.02039994e-04], [-3.48412571e-01 9.37340602e-01 1.12933265e-03], [ 6.76588636e-04 -9.53335309e-04 9.99999317e-01]]",
                "trans_distance": "2.2312672377817258"
            },
            "3": {
                "full path": "dataset/preprocessing/BRICK/IMAGES/P_20230605_181903.jpg",
                "translation": "[0.46339482, -0.88615054, 0.00158603]",
                "rotation": "[[8.85816971e-01 4.64034354e-01 -6.42433066e-04], [-4.64033349e-01 8.85816815e-01 1.27333630e-03], [ 1.15994980e-03 -8.29832533e-04 9.99998983e-01]]",
                "trans_distance": "2.20053162427118"
            },
            "4": {
                "full path": "dataset/preprocessing/BRICK/IMAGES/P_20230605_181904.jpg",
                "translation": "[0.17719384, -0.98417354, 0.00217722]",
                "rotation": "[[7.45589552e-01 6.66404995e-01 -7.76132609e-04], [-6.66402243e-01 7.45589073e-01 2.23253925e-03], [ 2.06645130e-03 -1.14734143e-03 9.99997207e-01]]",
                "trans_distance": "2.368460450765877"
            },
            "5": {
                "full path": "dataset/preprocessing/BRICK/IMAGES/P_20230605_181906.jpg",
                "translation": "[-0.05661317, -0.9983961, 0.00037259172]",
                "rotation": "[[7.59087947e-01 6.50986830e-01 1.27928390e-03], [-6.50987551e-01 7.59083335e-01 2.77467245e-03], [ 8.35192134e-04 -2.93901830e-03 9.99995332e-01]]",
                "trans_distance": "2.471694421350373"
            },
            "6": {
                "full path": "dataset/preprocessing/BRICK/IMAGES/P_20230605_181908.jpg",
                "translation": "[-0.63492006, -0.7725734, 0.00261705]",
                "rotation": "[[9.86771860e-01 1.62114633e-01 -3.77917071e-04], [-1.62114036e-01 9.86771203e-01 1.27738982e-03], [ 5.80001265e-04 -1.19922667e-03 9.99999113e-01]]",
                "trans_distance": "2.609550316189171"
            }
        }
    }
}